===>>>../images/KITTI/2011_09_26/image_00/data/0000000000.png
Detected 1438 keypoints 
Duration of the detection process: 132.814ms
138 of them are on the preciding vehicle
Neighborbood Sizes:
1	2	2	2	2	2	2	2	2	2	2	2	4	4	2	3	3	6	2	2	11	3	4	2	3	3	7	3	2	2	1	2	1	1	3	2	3	2	9	2	1	5	2	2	2	4	2	2	1	1	1	3	3	5	8	1	1	3	2	2	2	2	2	1	2	1	1	3	2	4	2	9	2	3	1	1	1	20	1	2	5	4	4	2	3	5	7	4	6	1	2	2	8	4	4	1	4	9	2	2	2	3	3	3	4	5	6	1	1	2	3	5	2	2	1	2	9	1	3	2	3	3	2	40	40	4	6	10	2	2	1	3	6	5	2	5	1	2	8	2	3	13	3	5	2	3	3	2	2	4	1	5	4	3	2	2	2	14	2	4	10	2	3	3	6	4	1	2	2	11	1	3	1	3	6	2	8	7	2	2	2	4	3	24	2	3	1	2	3	2	25	25	15	1	2	16	3	3	2	3	3	2	4	11	2	4	2	8	4	2	2	2	4	2	6	2	3	10	1	1	1	1	1	3	3	3	3	2	5	2	4	15	15	3	13	1	1	2	2	7	2	5	2	2	2	2	2	3	1	2	2	1	9	6	1	1	5	10	2	63	4	4	2	2	3	3	2	10	3	13	13	3	1	3	2	3	3	2	1	6	2	2	1	2	2	2	2	2	2	3	3	1	9	3	3	2	3	2	6	21	1	2	1	2	6	3	4	3	5	5	2	7	3	5	11	2	1	1	1	1	1	17	2	2	2	28	2	18	6	6	2	2	1	2	2	3	3	2	12	3	3	2	4	10	2	7	3	5	2	6	6	7	4	1	2	4	6	2	3	3	1	2	2	2	2	3	2	5	7	7	2	1	1	1	1	2	1	3	3	14	10	10	2	1	1	2	2	2	2	2	2	4	2	14	14	5	9	2	6	3	3	1	2	2	2	2	2	2	2	10	2	2	5	6	6	6	8	8	2	2	5	3	2	21	21	12	25	14	1	11	3	2	2	1	2	1	3	1	3	2	1	2	2	2	3	6	3	2	3	2	2	6	2	2	2	3	5	1	2	3	3	2	2	12	3	3	3	4	7	7	1	2	2	7	1	6	6	4	4	15	2	2	45	1	2	2	3	3	3	1	6	2	2	2	2	2	2	2	2	2	4	2	2	3	20	20	2	2	8	8	5	3	2	3	2	2	5	5	16	3	3	3	3	2	2	7	7	3	1	1	16	3	2	2	7	14	8	8	2	2	1	3	4	1	1	1	3	2	6	6	6	4	2	6	3	5	5	2	4	3	2	2	2	2	2	2	4	8	6	30	2	7	1	2	3	3	3	4	3	1	3	23	2	1	9	7	7	4	4	2	3	3	2	2	2	3	2	2	6	2	2	2	3	2	44	2	5	6	2	8	2	2	17	17	1	17	2	2	2	1	2	3	2	3	3	2	5	2	20	3	3	3	2	7	3	3	1	1	11	2	2	3	3	2	19	19	2	2	5	12	4	4	1	1	1	4	6	3	3	6	2	1	9	4	3	3	4	6	2	2	11	2	2	5	2	1	6	14	3	3	3	1	2	3	2	2	1	1	2	2	7	2	4	6	2	2	2	2	2	1	2	1	4	2	2	2	6	12	2	5	14	2	1	1	3	2	2	2	2	5	5	3	3	21	2	4	6	1	2	2	5	2	12	2	4	4	1	6	53	5	2	1	1	2	2	3	2	2	8	3	3	2	2	2	13	4	6	3	2	2	6	2	2	2	10	2	2	2	2	20	20	6	1	2	18	4	13	13	3	3	10	2	3	2	2	26	26	2	2	54	2	2	2	2	4	10	3	1	2	11	76	1	2	2	2	3	1	2	2	2	3	5	5	5	2	1	2	1	1	1	22	2	20	2	4	4	4	4	4	2	2	2	4	2	2	3	2	4	3	1	18	18	2	3	3	2	1	4	3	3	2	3	4	3	2	2	2	2	10	2	2	2	3	3	1	4	5	4	6	2	1	2	1	1	2	1	1	1	1	8	3	2	2	2	2	2	4	4	1	1	4	2	1	1	2	12	12	10	2	10	2	2	2	2	3	2	1	24	2	2	1	1	5	5	2	3	2	6	10	5	6	2	6	3	3	9	10	10	4	3	3	1	1	2	2	3	2	2	1	3	2	10	8	2	2	3	2	1	18	33	4	4	2	2	1	3	4	3	2	2	20	20	2	4	4	1	1	2	13	13	2	2	2	2	2	1	4	4	2	2	2	1	1	2	4	2	2	2	10	2	2	1	1	2	3	2	3	5	2	2	2	2	4	2	13	1	1	2	2	4	9	2	3	2	1	3	2	8	3	3	1	2	2	2	1	1	2	4	3	1	1	2	63	63	9	9	12	12	2	2	2	5	2	4	9	3	2	2	1	6	4	3	3	2	2	3	6	2	2	5	2	3	2	7	4	4	4	2	2	7	5	5	2	2	2	2	4	2	4	6	5	5	10	3	17	7	7	27	5	3	3	6	7	7	7	5	4	3	3	2	21	4	5	5	5	10	2	2	5	2	5	2	2	3	6	3	6	1	3	3	3	2	5	5	2	2	6	2	3	3	2	3	4	43	2	3	8	9	4	2	2	3	3	6	6	5	6	46	2	2	10	3	2	4	1	1	2	2	2	3	3	1	4	4	6	3	3	8	8	1	5	2	2	2	2	2	3	3	3	5	2	2	2	8	2	4	5	22	1	1	2	12	7	3	126	3	1	5	5	3	3	10	2	2	3	20	2	2	2	2	2	2	10	13	3	2	1	3	4	2	6	2	2	4	1	1	2	14	3	9	13	1	2	1	12	2	6	6	3	2	2	11	1	26	2	2	5	7	9	2	1	1	2	1	2	2	2	23	2	3	3	2	1	2	3	6	12	12	11	11	4	50	2	2	17	17	15	10	2	2	5	5	2	2	2	2	2	3	2	3	2	2	5	5	5	9	9	3	20	20	
Duration of the Descriptor: SIFT is 189.018 ms
===>>>../images/KITTI/2011_09_26/image_00/data/0000000001.png
Detected 1371 keypoints 
Duration of the detection process: 102.843ms
132 of them are on the preciding vehicle
Neighborbood Sizes:
2	2	2	2	3	3	3	2	2	4	3	3	3	2	2	3	3	1	2	2	2	3	2	2	4	4	2	2	9	2	2	5	2	2	3	2	5	2	2	2	3	2	3	5	1	2	2	1	1	8	9	1	2	2	2	2	2	2	2	1	1	5	3	1	1	10	2	5	2	2	3	3	4	4	1	1	2	2	2	7	17	1	5	6	4	3	1	2	4	9	3	3	3	2	2	6	3	4	5	7	4	4	7	2	2	10	2	4	3	2	3	3	2	2	2	8	2	1	1	7	5	27	2	2	1	1	4	8	1	2	4	8	2	3	5	4	2	2	2	3	4	3	3	3	3	1	1	3	2	3	4	4	1	11	2	3	3	1	2	8	3	2	4	3	3	1	1	3	1	2	2	2	25	25	2	2	2	6	3	3	2	11	2	2	2	2	2	3	2	1	2	2	2	2	3	3	2	2	4	2	3	3	14	5	2	2	3	2	1	10	2	1	2	12	6	2	2	2	3	3	3	3	1	3	5	3	2	65	12	12	3	3	2	2	2	2	2	6	2	3	3	3	2	5	3	1	1	1	3	3	4	23	2	2	5	2	9	3	2	2	7	5	5	5	3	2	2	6	1	12	18	18	2	30	19	2	6	2	4	2	2	2	2	10	8	2	2	1	1	37	3	4	4	1	2	11	2	2	2	2	3	3	2	2	8	8	8	2	20	20	1	2	2	2	2	11	1	2	2	1	2	2	2	4	3	3	5	2	2	15	1	2	4	5	1	2	2	3	2	1	4	1	3	4	2	3	3	2	6	2	8	2	2	6	3	3	5	2	2	2	11	5	10	2	2	25	2	2	2	3	3	2	2	5	11	2	1	3	1	2	3	5	2	3	3	2	2	2	4	4	2	2	3	3	2	12	2	2	4	2	2	7	1	3	3	2	2	4	3	3	1	2	2	2	3	4	4	2	3	6	1	1	47	2	4	2	2	1	1	4	2	3	2	2	2	4	2	2	2	2	1	2	2	4	2	2	4	17	2	20	20	4	2	4	3	6	6	8	8	3	3	8	8	17	2	1	2	3	3	3	15	8	2	2	2	3	3	6	3	3	4	1	2	8	8	7	3	1	2	5	3	2	3	6	2	2	2	2	5	2	2	2	2	3	2	8	5	2	5	4	4	2	30	3	103	3	24	5	4	2	2	3	9	1	8	4	2	3	3	3	2	2	2	2	3	1	2	2	2	3	2	2	4	4	1	1	1	2	2	7	4	2	5	18	18	18	2	2	3	3	2	2	3	3	19	3	3	2	3	3	3	3	3	3	9	4	2	1	1	1	1	4	2	20	20	5	1	17	2	12	1	1	4	1	2	7	7	5	9	10	3	2	2	9	2	6	3	3	4	3	3	7	4	3	2	6	4	7	1	1	15	4	6	2	2	5	1	3	1	2	2	2	3	3	3	2	1	3	2	2	2	8	2	2	1	4	2	2	1	2	2	6	2	2	7	7	12	1	11	5	2	3	2	14	2	6	4	1	5	2	3	3	4	2	21	2	5	3	3	6	6	12	2	2	2	4	4	2	2	5	5	11	2	2	2	2	2	3	2	2	3	2	2	1	1	1	1	8	2	2	13	4	2	3	2	2	2	6	10	2	2	1	1	20	6	4	1	1	6	2	18	4	13	13	2	3	3	2	1	3	5	5	3	2	2	1	2	26	26	2	53	1	1	2	2	1	2	2	10	4	1	2	11	2	2	3	2	2	3	5	21	2	10	2	3	2	1	1	2	1	2	20	4	4	4	4	2	2	1	1	4	2	2	4	6	3	2	2	1	3	2	3	3	2	17	17	8	18	18	2	3	3	2	1	1	1	2	4	1	3	3	2	3	3	3	2	2	2	4	2	2	2	2	2	5	5	4	2	2	1	2	1	1	4	2	2	1	1	8	3	2	2	2	2	4	4	1	1	4	2	2	12	10	3	2	2	1	2	24	1	2	5	5	3	3	1	10	6	4	8	2	2	1	6	3	3	4	2	4	11	2	3	3	2	2	2	3	3	2	3	3	10	2	8	2	3	2	1	1	2	1	3	1	4	3	2	2	20	20	6	2	2	2	13	13	2	4	1	5	5	2	2	6	1	10	2	1	2	1	1	2	5	3	2	2	3	2	2	2	5	2	4	3	3	2	3	13	2	10	2	2	3	2	2	2	2	2	2	2	1	9	2	1	2	2	11	11	2	3	3	59	1	1	2	3	4	2	2	4	2	2	9	2	2	2	9	9	3	9	2	1	2	4	2	13	6	4	1	4	2	3	3	2	2	2	6	2	6	2	4	3	5	3	3	8	2	4	7	7	4	7	7	4	4	5	5	5	5	2	7	7	17	3	1	4	5	21	21	5	6	1	1	3	3	5	3	6	8	3	4	4	2	3	20	5	5	10	2	6	2	2	2	2	4	12	6	13	3	6	3	3	2	3	2	2	2	2	5	6	6	4	4	2	2	2	3	3	7	4	4	10	4	1	3	6	10	2	6	2	3	2	4	49	5	6	6	3	3	2	2	3	3	3	3	1	1	2	4	4	2	6	3	2	2	12	3	3	3	4	2	4	16	16	4	4	2	11	7	1	4	123	1	3	6	6	5	5	3	58	6	2	7	2	2	2	27	2	7	8	5	3	3	4	2	4	1	1	6	2	1	3	8	3	4	2	10	7	7	28	2	33	4	10	1	2	3	3	2	2	3	4	2	3	6	2	2	11	11	6	48	2	2	2	26	1	1	2	8	2	2	2	2	4	2	2	1	2	4	1	2	2	2	2	9	9	3	23	2	4	
Duration of the Descriptor: SIFT is 198.808 ms
===>>>../images/KITTI/2011_09_26/image_00/data/0000000000.png
Detected 1438 keypoints 
Duration of the detection process: 200.948ms
138 of them are on the preciding vehicle
Neighborbood Sizes:
1	2	2	2	2	2	2	2	2	2	2	2	4	4	2	3	3	6	2	2	11	3	4	2	3	3	7	3	2	2	1	2	1	1	3	2	3	2	9	2	1	5	2	2	2	4	2	2	1	1	1	3	3	5	8	1	1	3	2	2	2	2	2	1	2	1	1	3	2	4	2	9	2	3	1	1	1	20	1	2	5	4	4	2	3	5	7	4	6	1	2	2	8	4	4	1	4	9	2	2	2	3	3	3	4	5	6	1	1	2	3	5	2	2	1	2	9	1	3	2	3	3	2	40	40	4	6	10	2	2	1	3	6	5	2	5	1	2	8	2	3	13	3	5	2	3	3	2	2	4	1	5	4	3	2	2	2	14	2	4	10	2	3	3	6	4	1	2	2	11	1	3	1	3	6	2	8	7	2	2	2	4	3	24	2	3	1	2	3	2	25	25	15	1	2	16	3	3	2	3	3	2	4	11	2	4	2	8	4	2	2	2	4	2	6	2	3	10	1	1	1	1	1	3	3	3	3	2	5	2	4	15	15	3	13	1	1	2	2	7	2	5	2	2	2	2	2	3	1	2	2	1	9	6	1	1	5	10	2	63	4	4	2	2	3	3	2	10	3	13	13	3	1	3	2	3	3	2	1	6	2	2	1	2	2	2	2	2	2	3	3	1	9	3	3	2	3	2	6	21	1	2	1	2	6	3	4	3	5	5	2	7	3	5	11	2	1	1	1	1	1	17	2	2	2	28	2	18	6	6	2	2	1	2	2	3	3	2	12	3	3	2	4	10	2	7	3	5	2	6	6	7	4	1	2	4	6	2	3	3	1	2	2	2	2	3	2	5	7	7	2	1	1	1	1	2	1	3	3	14	10	10	2	1	1	2	2	2	2	2	2	4	2	14	14	5	9	2	6	3	3	1	2	2	2	2	2	2	2	10	2	2	5	6	6	6	8	8	2	2	5	3	2	21	21	12	25	14	1	11	3	2	2	1	2	1	3	1	3	2	1	2	2	2	3	6	3	2	3	2	2	6	2	2	2	3	5	1	2	3	3	2	2	12	3	3	3	4	7	7	1	2	2	7	1	6	6	4	4	15	2	2	45	1	2	2	3	3	3	1	6	2	2	2	2	2	2	2	2	2	4	2	2	3	20	20	2	2	8	8	5	3	2	3	2	2	5	5	16	3	3	3	3	2	2	7	7	3	1	1	16	3	2	2	7	14	8	8	2	2	1	3	4	1	1	1	3	2	6	6	6	4	2	6	3	5	5	2	4	3	2	2	2	2	2	2	4	8	6	30	2	7	1	2	3	3	3	4	3	1	3	23	2	1	9	7	7	4	4	2	3	3	2	2	2	3	2	2	6	2	2	2	3	2	44	2	5	6	2	8	2	2	17	17	1	17	2	2	2	1	2	3	2	3	3	2	5	2	20	3	3	3	2	7	3	3	1	1	11	2	2	3	3	2	19	19	2	2	5	12	4	4	1	1	1	4	6	3	3	6	2	1	9	4	3	3	4	6	2	2	11	2	2	5	2	1	6	14	3	3	3	1	2	3	2	2	1	1	2	2	7	2	4	6	2	2	2	2	2	1	2	1	4	2	2	2	6	12	2	5	14	2	1	1	3	2	2	2	2	5	5	3	3	21	2	4	6	1	2	2	5	2	12	2	4	4	1	6	53	5	2	1	1	2	2	3	2	2	8	3	3	2	2	2	13	4	6	3	2	2	6	2	2	2	10	2	2	2	2	20	20	6	1	2	18	4	13	13	3	3	10	2	3	2	2	26	26	2	2	54	2	2	2	2	4	10	3	1	2	11	76	1	2	2	2	3	1	2	2	2	3	5	5	5	2	1	2	1	1	1	22	2	20	2	4	4	4	4	4	2	2	2	4	2	2	3	2	4	3	1	18	18	2	3	3	2	1	4	3	3	2	3	4	3	2	2	2	2	10	2	2	2	3	3	1	4	5	4	6	2	1	2	1	1	2	1	1	1	1	8	3	2	2	2	2	2	4	4	1	1	4	2	1	1	2	12	12	10	2	10	2	2	2	2	3	2	1	24	2	2	1	1	5	5	2	3	2	6	10	5	6	2	6	3	3	9	10	10	4	3	3	1	1	2	2	3	2	2	1	3	2	10	8	2	2	3	2	1	18	33	4	4	2	2	1	3	4	3	2	2	20	20	2	4	4	1	1	2	13	13	2	2	2	2	2	1	4	4	2	2	2	1	1	2	4	2	2	2	10	2	2	1	1	2	3	2	3	5	2	2	2	2	4	2	13	1	1	2	2	4	9	2	3	2	1	3	2	8	3	3	1	2	2	2	1	1	2	4	3	1	1	2	63	63	9	9	12	12	2	2	2	5	2	4	9	3	2	2	1	6	4	3	3	2	2	3	6	2	2	5	2	3	2	7	4	4	4	2	2	7	5	5	2	2	2	2	4	2	4	6	5	5	10	3	17	7	7	27	5	3	3	6	7	7	7	5	4	3	3	2	21	4	5	5	5	10	2	2	5	2	5	2	2	3	6	3	6	1	3	3	3	2	5	5	2	2	6	2	3	3	2	3	4	43	2	3	8	9	4	2	2	3	3	6	6	5	6	46	2	2	10	3	2	4	1	1	2	2	2	3	3	1	4	4	6	3	3	8	8	1	5	2	2	2	2	2	3	3	3	5	2	2	2	8	2	4	5	22	1	1	2	12	7	3	126	3	1	5	5	3	3	10	2	2	3	20	2	2	2	2	2	2	10	13	3	2	1	3	4	2	6	2	2	4	1	1	2	14	3	9	13	1	2	1	12	2	6	6	3	2	2	11	1	26	2	2	5	7	9	2	1	1	2	1	2	2	2	23	2	3	3	2	1	2	3	6	12	12	11	11	4	50	2	2	17	17	15	10	2	2	5	5	2	2	2	2	2	3	2	3	2	2	5	5	5	9	9	3	20	20	
Duration of the Descriptor: SIFT is 99.8091 ms
===>>>../images/KITTI/2011_09_26/image_00/data/0000000001.png
Detected 1371 keypoints 
Duration of the detection process: 97.2188ms
132 of them are on the preciding vehicle
Neighborbood Sizes:
2	2	2	2	3	3	3	2	2	4	3	3	3	2	2	3	3	1	2	2	2	3	2	2	4	4	2	2	9	2	2	5	2	2	3	2	5	2	2	2	3	2	3	5	1	2	2	1	1	8	9	1	2	2	2	2	2	2	2	1	1	5	3	1	1	10	2	5	2	2	3	3	4	4	1	1	2	2	2	7	17	1	5	6	4	3	1	2	4	9	3	3	3	2	2	6	3	4	5	7	4	4	7	2	2	10	2	4	3	2	3	3	2	2	2	8	2	1	1	7	5	27	2	2	1	1	4	8	1	2	4	8	2	3	5	4	2	2	2	3	4	3	3	3	3	1	1	3	2	3	4	4	1	11	2	3	3	1	2	8	3	2	4	3	3	1	1	3	1	2	2	2	25	25	2	2	2	6	3	3	2	11	2	2	2	2	2	3	2	1	2	2	2	2	3	3	2	2	4	2	3	3	14	5	2	2	3	2	1	10	2	1	2	12	6	2	2	2	3	3	3	3	1	3	5	3	2	65	12	12	3	3	2	2	2	2	2	6	2	3	3	3	2	5	3	1	1	1	3	3	4	23	2	2	5	2	9	3	2	2	7	5	5	5	3	2	2	6	1	12	18	18	2	30	19	2	6	2	4	2	2	2	2	10	8	2	2	1	1	37	3	4	4	1	2	11	2	2	2	2	3	3	2	2	8	8	8	2	20	20	1	2	2	2	2	11	1	2	2	1	2	2	2	4	3	3	5	2	2	15	1	2	4	5	1	2	2	3	2	1	4	1	3	4	2	3	3	2	6	2	8	2	2	6	3	3	5	2	2	2	11	5	10	2	2	25	2	2	2	3	3	2	2	5	11	2	1	3	1	2	3	5	2	3	3	2	2	2	4	4	2	2	3	3	2	12	2	2	4	2	2	7	1	3	3	2	2	4	3	3	1	2	2	2	3	4	4	2	3	6	1	1	47	2	4	2	2	1	1	4	2	3	2	2	2	4	2	2	2	2	1	2	2	4	2	2	4	17	2	20	20	4	2	4	3	6	6	8	8	3	3	8	8	17	2	1	2	3	3	3	15	8	2	2	2	3	3	6	3	3	4	1	2	8	8	7	3	1	2	5	3	2	3	6	2	2	2	2	5	2	2	2	2	3	2	8	5	2	5	4	4	2	30	3	103	3	24	5	4	2	2	3	9	1	8	4	2	3	3	3	2	2	2	2	3	1	2	2	2	3	2	2	4	4	1	1	1	2	2	7	4	2	5	18	18	18	2	2	3	3	2	2	3	3	19	3	3	2	3	3	3	3	3	3	9	4	2	1	1	1	1	4	2	20	20	5	1	17	2	12	1	1	4	1	2	7	7	5	9	10	3	2	2	9	2	6	3	3	4	3	3	7	4	3	2	6	4	7	1	1	15	4	6	2	2	5	1	3	1	2	2	2	3	3	3	2	1	3	2	2	2	8	2	2	1	4	2	2	1	2	2	6	2	2	7	7	12	1	11	5	2	3	2	14	2	6	4	1	5	2	3	3	4	2	21	2	5	3	3	6	6	12	2	2	2	4	4	2	2	5	5	11	2	2	2	2	2	3	2	2	3	2	2	1	1	1	1	8	2	2	13	4	2	3	2	2	2	6	10	2	2	1	1	20	6	4	1	1	6	2	18	4	13	13	2	3	3	2	1	3	5	5	3	2	2	1	2	26	26	2	53	1	1	2	2	1	2	2	10	4	1	2	11	2	2	3	2	2	3	5	21	2	10	2	3	2	1	1	2	1	2	20	4	4	4	4	2	2	1	1	4	2	2	4	6	3	2	2	1	3	2	3	3	2	17	17	8	18	18	2	3	3	2	1	1	1	2	4	1	3	3	2	3	3	3	2	2	2	4	2	2	2	2	2	5	5	4	2	2	1	2	1	1	4	2	2	1	1	8	3	2	2	2	2	4	4	1	1	4	2	2	12	10	3	2	2	1	2	24	1	2	5	5	3	3	1	10	6	4	8	2	2	1	6	3	3	4	2	4	11	2	3	3	2	2	2	3	3	2	3	3	10	2	8	2	3	2	1	1	2	1	3	1	4	3	2	2	20	20	6	2	2	2	13	13	2	4	1	5	5	2	2	6	1	10	2	1	2	1	1	2	5	3	2	2	3	2	2	2	5	2	4	3	3	2	3	13	2	10	2	2	3	2	2	2	2	2	2	2	1	9	2	1	2	2	11	11	2	3	3	59	1	1	2	3	4	2	2	4	2	2	9	2	2	2	9	9	3	9	2	1	2	4	2	13	6	4	1	4	2	3	3	2	2	2	6	2	6	2	4	3	5	3	3	8	2	4	7	7	4	7	7	4	4	5	5	5	5	2	7	7	17	3	1	4	5	21	21	5	6	1	1	3	3	5	3	6	8	3	4	4	2	3	20	5	5	10	2	6	2	2	2	2	4	12	6	13	3	6	3	3	2	3	2	2	2	2	5	6	6	4	4	2	2	2	3	3	7	4	4	10	4	1	3	6	10	2	6	2	3	2	4	49	5	6	6	3	3	2	2	3	3	3	3	1	1	2	4	4	2	6	3	2	2	12	3	3	3	4	2	4	16	16	4	4	2	11	7	1	4	123	1	3	6	6	5	5	3	58	6	2	7	2	2	2	27	2	7	8	5	3	3	4	2	4	1	1	6	2	1	3	8	3	4	2	10	7	7	28	2	33	4	10	1	2	3	3	2	2	3	4	2	3	6	2	2	11	11	6	48	2	2	2	26	1	1	2	8	2	2	2	2	4	2	2	1	2	4	1	2	2	2	2	9	9	3	23	2	4	
Duration of the Descriptor: SIFT is 112.519 ms
